39;5;563
6;6;145
5;7;454
19;12;511
33;16;1434
39;3;410
23;8;692
21;3;982
18;9;829
28;3;1010
6;7;1304
43;19;332
37;1;1202
42;18;190
15;6;861
35;13;355
15;8;1287
21;8;1378
48;16;1375
44;19;647
42;10;764
6;9;387
1;3;542
18;14;880
22;15;121
5;11;709
25;6;818
28;11;1211
33;3;1303
13;20;1235
40;20;937
10;10;1291
36;13;187
46;4;1346
40;2;132
20;15;323
43;14;625
23;15;647
29;8;709
11;15;419
14;4;1231
25;5;480
24;3;365
30;5;972
4;4;439
19;9;573
26;15;1487
35;3;1032
39;14;84
41;15;1466
8;13;1104
17;5;642
23;5;471
37;11;1107
24;6;935
19;12;802
18;5;72
2;9;637
6;15;1348
8;8;1387
35;15;1495
24;14;1415
32;10;413
13;20;1036
18;15;1145
19;16;1080
36;10;593
21;1;465
50;2;1268
37;9;309
4;17;1473
17;10;1356
3;4;612
39;14;434
24;3;719
19;14;909
39;10;901
9;18;776
40;11;375
25;5;1309
23;4;723
38;16;1089
20;20;929
27;13;476
9;7;937
44;9;888
32;1;870
47;15;1401
30;6;1417
15;9;186
41;8;1097
26;7;507
21;2;1114
12;16;564
18;12;1102
28;20;1017
7;9;245
49;19;1462
27;3;307
39;4;302
37;11;284
33;13;1132
48;3;1264
50;17;1003
27;15;727
39;19;276
37;17;1326
41;12;285
13;13;1495
50;17;1228
19;2;814
3;16;1363
1;7;449
33;12;963
47;2;615
3;15;1333
32;6;1277
27;3;129
6;8;1288
36;8;616
41;6;914
29;19;901
24;2;617
9;1;828
22;14;324
24;9;557
49;16;942
38;4;615
18;9;799
13;8;263
5;11;362
44;12;347
12;4;1357
12;20;564
16;7;937
38;7;202
12;5;1075
8;15;792
24;9;1349
25;6;599
12;1;299
16;4;630
14;5;1099
9;5;1430
17;4;1145
4;6;791
15;2;99
45;5;520
14;20;665
29;9;961
47;16;486
2;17;286
39;13;650
10;18;1025
36;15;111
32;5;50
22;5;735
11;20;994
27;13;539
1;20;1325
1;11;453
49;3;1453
31;6;1059
42;11;1200
41;12;356
14;18;610
9;9;63
37;8;753
28;10;1157
8;5;1032
40;11;1398
44;5;292
39;11;1458
50;6;537
31;4;1361
22;7;1323
22;19;1169
36;6;738
3;3;869
17;18;886
3;11;1261
7;18;1276
46;18;1149
15;2;1490
6;4;358
17;8;580
11;2;395
11;1;425
43;6;752
40;10;1462
25;12;1478
26;17;668
35;18;407
20;9;475
50;5;173
41;2;1251
38;9;1037
42;13;955
22;20;345
34;9;1134
33;1;1208
12;15;431
49;4;1467
38;16;260
16;4;1386
48;8;1151
16;16;900
37;7;1168
16;16;255
6;3;71
27;8;859
20;9;207
13;9;241
42;3;607
15;4;948
14;6;1141
31;3;701
2;9;372
28;15;783
30;6;419
36;2;172
45;18;813
25;10;648
2;11;357
16;1;1325
22;9;638
19;3;154
10;15;625
17;9;794
24;13;185
3;10;1345
6;13;1426
36;15;257
9;11;861
2;16;251
28;5;654
9;15;208
25;13;992
46;8;1353
24;10;284
3;10;1484
42;3;811
11;13;1091
45;5;824
36;3;1159
1;18;1053
14;2;170
12;14;1138
39;12;681
34;4;390
50;16;894
17;8;1333
37;16;1183
9;5;905
8;14;1121
16;3;957
7;12;1226
5;7;1366
15;15;291
13;9;651
39;20;516
40;13;450
30;9;1223
24;2;1014
7;20;1438
32;7;830
48;13;882
29;8;1194
33;12;1495
30;2;677
19;4;1395
43;14;1463
30;8;1208
26;10;81
11;7;878
33;9;831
9;17;1038
18;9;569
26;2;280
44;8;1052
13;18;387
22;10;712
39;10;1406
37;17;1292
36;17;935
3;5;1318
43;5;1057
42;11;845
33;9;169
4;12;184
10;13;490
37;1;403
11;5;1276
49;15;75
48;6;319
5;20;116
10;17;1023
31;6;665
1;3;459
18;1;957
49;17;753
50;1;1020
46;15;747
41;6;467
6;15;1478
17;11;1312
45;5;507
21;11;312
46;3;1133
15;2;1090
34;14;357
26;2;694
29;17;1493
7;2;237
29;6;374
8;8;1044
38;19;1360
36;7;920
41;12;1254
45;19;451
23;19;1213
9;17;1230
48;20;1274
3;7;1135
26;13;1133
38;9;332
27;9;586
31;5;1186
27;15;847
47;6;625
45;8;421
1;16;1483
1;2;801
23;16;399
50;5;854
17;18;1104
1;13;934
33;20;493
42;17;805
36;8;1020
31;9;1161
30;1;1224
7;9;1198
48;3;1485
33;14;486
50;10;486
31;14;515
33;16;1327
14;10;282
48;3;1320
5;7;930
3;14;1425
43;12;380
4;9;1422
17;6;140
1;19;860
19;7;1412
48;10;512
10;4;315
10;3;1457
47;10;212
48;11;1118
46;17;272
24;8;776
17;12;360
36;12;608
22;7;991
6;1;1284
24;8;510
19;6;225
4;13;1266
50;9;1201
32;2;629
27;8;1128
23;12;1162
33;9;91
36;19;234
5;15;1384
19;4;724
13;11;1006
20;18;917
44;17;50
37;12;718
50;18;611
50;20;920
3;4;194
7;19;508
26;17;332
24;15;1066
42;11;881
35;12;1134
24;1;771
37;3;206
16;9;1048
3;7;233
22;18;407
44;14;634
34;13;1330
24;9;1050
8;20;196
17;8;301
32;14;620
42;7;426
25;11;228
40;6;764
15;17;376
12;15;1351
36;7;326
50;8;120
29;13;512
28;5;1060
7;13;539
33;8;471
37;16;726
15;11;958
9;15;286
37;15;1114
43;12;194
40;16;1495
22;15;1410
38;6;697
25;4;1077
7;4;1208
27;20;627
45;15;349
15;18;335
47;2;911
17;1;859
46;2;769
47;1;1377
50;16;1472
45;15;60
22;10;842
9;10;1320
39;11;1273
27;11;338
45;14;157
37;6;1350
46;15;1350
24;9;1421
8;14;86
18;15;354
36;5;1492
33;18;632
35;5;1407
40;19;1209
37;20;1350
38;5;1198
42;17;897
9;2;670
43;8;422
6;4;527
2;19;837
24;10;1127
19;2;887
3;14;1085
21;15;79
19;12;593
50;4;480
8;5;1185
47;4;1224
40;3;224
20;1;642
9;9;947
25;13;471
31;17;1174
3;17;429
49;17;485
7;9;644
28;11;290
42;7;782
21;4;385
34;17;1072
41;1;1015
20;2;1236
30;9;1206
31;11;660
24;8;172
42;16;192
3;3;141
37;4;1079
25;9;1113
17;20;476
20;4;161
34;9;1472
25;5;535
17;19;268
22;13;1416
40;17;1484
9;10;581
18;16;229
2;10;529
11;11;316
3;11;800
17;13;390
20;10;1155
5;18;147
26;2;1130
38;9;203
20;17;848
49;10;879
14;6;397
49;4;956
38;16;748
44;17;620
26;17;1418
11;15;1080
43;1;144
29;14;1257
6;2;376
44;14;864
25;12;1033
30;16;1007
2;3;324
8;3;1056
26;2;1408
46;14;1446
4;11;1060
43;19;211
4;18;1163
24;16;352
41;11;233
19;17;1422
9;2;1275
34;17;643
9;1;1023
21;2;424
10;13;451
29;20;503
46;8;848
22;15;788
1;15;1004
26;1;1316
15;12;188
17;11;456
14;2;88
36;6;928
10;4;124
43;10;1053
14;12;605
38;11;1400
23;14;917
18;4;116
8;19;873
15;11;819
10;4;470
23;10;1280
38;13;1134
29;13;1322
13;11;550
16;14;255
33;6;206
28;8;1059
12;19;662
27;20;390
43;9;292
11;1;308
37;12;1234
31;18;1449
31;11;1434
42;20;1357
45;18;799
36;7;684
30;9;415
30;2;869
17;10;809
42;12;266
11;19;918
3;11;161
43;19;934
7;8;865
16;4;1316
36;7;1061
50;13;471
46;9;909
6;12;124
29;18;478
35;8;153
9;5;486
50;5;890
29;4;256
29;4;1396
43;20;112
8;2;1327
21;19;914
16;18;1420
19;15;548
17;13;632
49;12;1357
39;5;343
22;6;802
30;18;271
17;11;1056
23;2;908
27;3;547
49;3;553
36;7;209
41;8;1307
15;7;246
38;14;1363
37;8;1370
29;12;1102
22;14;804
20;12;414
32;13;1287
35;15;1351
42;13;680
25;4;890
29;13;472
31;10;50
4;19;1017
22;18;1233
4;14;473
41;18;971
29;10;569
8;19;600
14;11;748
45;18;160
8;13;170
8;5;940
13;20;359
26;12;1154
41;19;190
40;6;126
26;9;1080
49;1;1145
32;2;325
1;12;1409
35;12;1268
11;9;628
23;13;448
21;8;1051
46;6;736
18;13;115
14;15;1084
8;15;233
17;20;563
49;18;952
1;12;377
47;17;1298
34;14;925
3;11;932
38;19;177
1;8;1263
33;2;176
2;11;1438
43;4;1079
19;6;1334
42;18;350
14;13;956
28;19;1338
17;18;808
1;4;1089
21;14;1234
19;3;396
30;9;787
15;17;1198
12;10;845
50;10;132
40;20;782
47;13;646
49;14;565
36;16;1370
37;16;1372
32;19;608
31;2;1278
45;12;610
46;9;779
6;14;1117
13;13;480
31;15;693
25;19;1126
29;11;1250
18;5;472
48;1;1127
19;6;872
47;3;497
31;7;895
15;14;413
3;1;492
1;12;1166
9;19;688
39;16;1199
11;20;188
8;16;1427
11;17;1045
14;15;118
12;2;178
26;7;1014
20;13;1305
2;15;893
42;10;1297
9;18;106
40;15;1200
28;10;809
22;9;313
31;9;611
8;20;900
21;9;478
43;17;955
46;5;1086
2;12;1028
15;12;1361
39;1;332
39;1;1145
13;9;527
4;13;444
12;10;872
11;17;595
47;7;459
21;4;999
15;13;610
11;1;126
18;10;618
9;20;585
35;14;62
23;20;911
21;4;1111
32;14;1350
16;5;91
43;10;1451
16;11;258
9;17;596
42;11;827
7;3;341
24;5;169
6;11;1347
1;18;1180
18;2;415
8;2;792
41;8;69
15;17;359
34;20;86
10;17;1115
1;4;1214
11;18;588
34;19;773
5;1;762
42;6;883
25;17;440
34;10;1137
32;18;975
22;13;697
11;4;1424
43;2;657
23;13;326
42;9;1445
12;5;646
27;12;1212
32;15;579
39;4;543
50;11;871
23;20;441
34;18;1148
19;14;264
15;4;1017
10;10;789
31;12;767
29;5;420
14;20;327
47;11;813
25;12;229
27;16;362
19;19;1156
41;4;1472
20;4;929
18;1;1197
15;17;1420
48;17;997
16;8;692
33;3;496
34;15;1088
2;20;1120
33;18;619
1;10;1315
34;3;51
29;15;951
26;7;543
45;8;279
18;14;92
12;8;851
40;7;1180
8;7;544
45;1;587
18;10;858
49;1;643
13;15;446
35;5;348
11;6;595
24;20;726
21;13;68
3;18;368
27;1;286
34;12;349
44;7;1052
29;12;792
8;10;1159
2;15;442
11;5;1440
26;16;893
48;19;1049
19;13;523
20;20;1228
9;3;472
41;19;824
39;6;825
37;18;468
16;6;512
25;12;285
7;16;415
48;8;1317
17;4;767
36;12;290
22;11;470
49;12;729
20;18;927
13;7;701
28;6;481
9;14;531
36;8;222
15;12;773
46;11;1478
13;15;879
40;14;460
20;20;282
39;8;903
21;17;1022
15;15;899
2;5;742
45;8;422
7;6;1355
28;19;960
50;14;521
36;3;1223
34;15;983
35;9;1289
1;2;1137
37;18;876
9;17;754
20;3;398
24;7;996
23;16;291
46;9;1216
28;20;471
50;12;1427
19;10;164
30;2;630
37;5;1126
42;17;61
11;9;810
12;4;877
39;15;241
50;1;935
9;14;777
23;7;185
14;6;683
35;16;924
33;11;304
8;1;605
22;17;498
47;18;940
2;8;1092
23;9;1220
17;1;905
49;15;240
23;16;759
47;8;117
5;16;147
36;1;1395
34;10;1107
50;6;689
24;11;1398
46;3;1240
21;8;96
40;16;1092
8;20;423
36;18;1403
47;7;87
13;3;1098
46;14;1411
23;16;931
3;14;460
14;18;1487
45;8;949
32;9;1180
10;11;1011
10;4;81
38;16;1377
39;15;209
36;9;615
15;10;333
50;3;750
26;5;1042
5;14;799
37;1;1459
49;14;141
21;13;1076
20;8;167
27;14;322
32;19;494
22;11;174
46;17;814
16;15;1036
27;1;125
6;8;1060
6;17;200
39;2;850
45;5;1021
28;2;1235
31;18;609
13;4;698
15;13;1210
13;5;355
37;12;1150
3;4;917
5;4;491
10;1;745
44;12;92
7;14;1427
36;11;586
8;1;1478
14;20;373
10;14;853
6;20;586
32;4;1327
24;5;903
17;13;1438
24;9;533
19;3;319
44;4;1122
3;12;1118
5;19;403
40;14;926
9;15;1263
27;18;208
43;15;822
7;8;429
38;7;1038
12;17;737
25;18;514
44;6;725
4;14;61
34;18;1369
20;4;1199
30;20;717
37;10;607
36;15;1274
23;6;80
34;2;897
16;16;88
13;17;754
46;7;1017
31;11;642
35;8;1337
13;17;608
16;7;121
28;4;1192
23;1;1146
30;6;1177
13;4;534
6;5;758
24;10;1276
48;11;869
29;9;618
16;18;348
12;5;298
2;7;474
23;11;313
43;15;1317
46;11;1292
32;19;1003
40;8;487
31;2;1470
12;7;354
4;5;1024
19;20;1213
34;9;599
19;17;260
27;6;1443
47;4;1429
22;16;260
34;13;1484
16;17;1105
8;6;1091
9;12;1348
23;18;763
17;13;1392
40;4;1047
3;16;557
35;12;352
27;15;1407
30;4;1419
5;20;931
5;7;268
1;7;197
13;3;399
27;5;239
5;8;189
14;9;778
36;10;1261
